9.761719         43.031250        20.546875        8.976562         -15.269531       29.171875        -12.484375       78.375000        92.750000        -23.312500       58.343750        5.779297         13.609375        85.125000        -85.812500       -82.562500      
-8.769531        13.687500        -96.250000       23.531250        22.421875        23.390625        88.750000        36.375000        -28.093750       -12.593750       39.531250        -87.937500       33.343750        34.125000        -57.937500       -74.187500      
-60.687500       -26.250000       64.187500        -80.562500       67.562500        -80.750000       95.312500        -6.269531        95.375000        20.968750        47.843750        -92.187500       -43.437500       -75.937500       -40.781250       -76.250000      
17.296875        -96.000000       65.812500        -99.062500       35.562500        -46.000000       47.031250        92.437500        -50.250000       15.230469        18.406250        14.449219        -55.375000       90.562500        -10.574219       69.312500       
32.031250        -42.000000       23.609375        -14.246094       -72.875000       -40.343750       13.992188        18.171875        14.863281        30.640625        30.421875        -13.714844       79.312500        -26.484375       -12.828125       78.375000       
-16.593750       44.062500        -100.000000      -39.531250       -70.625000       -81.562500       -62.750000       -30.890625       -20.640625       7.763672         -16.156250       37.031250        -59.125000       75.625000        -94.500000       34.093750       
91.562500        6.632812         38.375000        -36.906250       37.312500        66.937500        -96.312500       50.031250        97.750000        49.625000        -43.906250       57.843750        -79.375000       -10.421875       81.750000        -41.281250      
-90.000000       7.179688         32.750000        2.977539         88.937500        17.312500        80.687500        -72.500000       -72.125000       61.468750        -20.468750       -66.937500       85.500000        -30.453125       50.156250        45.187500       
80.687500        14.734375        -99.437500       23.421875        -34.656250       5.412109         77.187500        -28.546875       81.687500        24.671875        -96.812500       85.875000        38.187500        99.437500        -65.562500       -72.562500      
-75.187500       -44.156250       17.156250        93.937500        12.207031        -96.250000       60.125000        -53.406250       61.406250        -22.421875       72.687500        49.437500        11.246094        -72.687500       -88.000000       -75.750000      
0.101593         0.416260         -0.418213        0.021652         0.785889         0.792480         -0.748779        -0.585449        -0.896973        -0.118378        -0.940186        -0.086334        0.298340         -0.442993        0.352539         0.181702        
0.805664         0.691406         -0.244019        -0.815674        0.306763         0.115692         -0.276855        -0.549805        -0.186951        -0.062134        -0.461548        -0.416382        -0.084625        0.720947         0.172485         -0.432983       
-0.348389        -0.109711        -0.876953        -0.514648        0.943115         -0.538818        0.382935         0.300903         0.447876         -0.049835        0.193298         -0.865967        -0.854980        -0.602051        -0.696289        -0.799805       
0.267334         -0.268066        0.105682         -0.607178        -0.615967        0.451294         0.569824         0.944092         0.701904         0.087189         -0.820312        -0.022247        0.855957         0.575195         -0.029816        -0.089447       
-0.859619        -0.884521        -0.834229        0.919434         0.081512         0.674805         -0.659912        -0.479370        0.383911         0.791260         -0.318604        -0.870605        0.728271         -0.418213        0.482178         -0.683838       
0.934082         0.094452         0.945312         0.429688         0.395508         -0.567871        0.952637         -0.987549        -0.494019        -0.130432        0.558838         -0.604736        0.726074         0.966797         -0.672363        0.194641        
0.043396         -0.783691        -0.683594        0.090393         0.048798         0.275269         -0.197021        0.299561         -0.206177        0.247803         0.534912         -0.642090        -0.248840        0.005066         0.373291         -0.492676       
0.690918         0.721924         0.191406         -0.830566        0.194519         -0.509033        0.465210         0.789307         0.029465         0.207153         -0.869873        0.080139         -0.741699        0.229126         -0.272705        0.535400        
-0.054749        -0.214417        0.237854         -0.126465        -0.478149        -0.175049        -0.161926        0.804932         0.959229         0.247131         -0.833740        0.465942         0.357422         0.652100         -0.305054        -0.882324       
-0.932129        0.314941         0.069794         0.333130         -0.117310        -0.455078        0.899414         0.456543         -0.987305        -0.801270        0.263428         -0.423950        -0.184753        0.562988         -0.291748        0.851562        
